1000
81.740466 -80.597147
51.878574 75.632560
71.127081 96.294808
-21.799291 86.082666
-12.288513 -23.534409
-42.717603 -10.777020
-62.631218 89.739647
34.287127 -39.855569
66.450287 15.191161
-86.925513 20.606676
-1.776700 79.195628
-57.150816 -77.050895
-43.087875 68.869100
-26.729100 98.275412
-9.052216 -17.973673
-75.694868 -35.835715
46.335057 83.000866
27.442738 -64.438403
19.248512 14.330441
-83.699368 -33.339254
11.220503 -26.279879
-72.837962 2.203847
-28.697784 24.326254
-90.599216 57.355670
21.859093 -97.234094
-54.751972 18.191908
26.795958 23.028367
84.549066 -89.836814
34.562395 57.051801
90.384394 78.578251
-1.033955 91.042575
50.773972 -50.439849
-71.456246 -38.537068
-39.418721 -76.214032
83.757309 9.927158
45.715666 93.475465
-17.534015 99.391156
63.392299 43.937110
-93.900823 13.918869
-34.765680 59.688654
14.727642 49.263511
-9.067141 -58.830833
31.733877 65.518692
-59.590665 54.377835
-93.917893 8.965061
-78.329139 -60.185107
29.826892 10.589659
-68.904129 -73.926733
6.111075 98.300662
91.978868 39.904705
9.419207 -94.529151
38.912656 -82.480229
85.990370 66.668447
75.518981 23.852536
6.331798 88.326519
67.213872 -58.521296
2.248731 -78.965964
-98.226934 92.258164
45.947520 15.765648
-60.631709 95.085798
50.395772 28.784471
-30.397620 -55.620592
16.218264 -9.685129
17.934066 -42.790508
-82.510864 -7.854348
2.072986 -40.412590
-68.852856 73.219641
-1.930970 -84.656392
24.017587 67.331398
-55.407574 -79.322726
58.989547 -21.514637
-71.148418 8.379249
32.205341 40.112384
37.797554 -72.997158
-89.729053 2.428678
34.643516 76.613536
52.165313 -32.086844
-96.647794 20.292443
92.098305 -99.454529
51.975113 9.014180
-51.613530 61.828421
-99.273586 -11.801766
28.341064 -11.261961
56.826747 82.274219
-80.789466 -68.528142
-7.467999 -30.172275
74.879306 -37.982354
0.864236 71.816761
-24.762475 -11.260258
26.254463 -66.384954
-21.558964 -47.463121
-36.133876 -39.474018
38.385429 -32.847185
-75.189429 6.049385
77.394126 7.676821
63.693603 -81.809862
81.430283 -91.297664
71.123692 30.934139
-51.445879 33.106350
-10.153025 59.199649
-45.050880 -18.393952
-22.402654 92.233852
-85.713357 85.797602
-48.076447 27.013791
48.306655 39.925411
-64.052254 -38.520874
-39.142371 -49.150816
99.558442 -56.790491
-41.730699 -15.865712
-20.819961 25.487551
-30.137286 -91.169473
-58.657133 -43.058647
15.315642 -56.941159
20.280929 25.187196
32.543342 -55.072040
-44.626741 -34.473784
-26.562146 -54.169244
23.661895 -48.348046
30.345679 -64.727670
21.223886 -84.680758
53.810340 73.679603
27.839622 89.217233
44.994540 -55.856419
69.824466 18.723301
27.552547 77.834476
80.820304 -14.284119
-54.847133 90.831042
65.658835 -1.305320
-6.560940 59.891520
-1.381153 -89.096815
37.932397 -80.611438
-90.268928 -52.983132
51.620503 4.581042
-42.779183 -87.856293
81.273683 27.611630
43.486253 15.575525
81.864712 -93.243020
62.137194 -1.275783
-74.490106 12.549095
-7.506896 -59.251644
99.538109 42.879759
97.307620 -47.375090
76.068895 -69.174951
-12.814801 -14.614421
-17.497349 -60.194810
34.623744 -66.840308
-33.207882 -12.600033
30.245770 -20.580056
-63.232595 49.844340
-22.380600 -68.542898
42.117749 30.226312
-29.982507 87.810090
-64.021140 -51.625147
30.027728 -82.158699
25.440005 -11.567108
-53.421169 12.193497
15.276707 -3.314706
-24.100210 93.434391
-61.121090 -36.142431
-45.776050 7.029132
-3.763240 -53.347000
-46.006335 -32.243420
20.307882 -66.170345
-70.888621 11.759699
-71.310869 -14.909221
-45.815216 -13.412690
75.468944 3.228923
-86.902800 -92.701466
89.380561 -9.996190
19.303947 73.023113
35.030202 20.119626
67.691734 -83.540432
-58.499485 -25.849822
52.329227 83.409752
46.951067 82.427067
53.428934 65.027756
-93.979710 49.326718
-84.171670 -50.203788
54.917958 -55.313207
-8.780484 40.012605
-57.938643 -14.103819
8.113206 48.422493
91.035241 -1.553865
50.594065 86.724986
-95.041800 57.280532
46.060452 -66.896509
-56.725020 89.628894
-17.426026 -3.183515
71.844312 81.425915
45.689592 8.146073
-34.114371 -46.607161
87.211337 -17.845839
3.785513 -95.608328
-46.897387 -1.911816
77.186510 68.451141
59.513051 63.612860
21.391126 -54.963668
-29.190576 -96.875606
-75.252730 -6.623868
30.483770 49.352192
-38.042077 -44.491680
52.550290 63.049490
21.048656 22.447428
-23.681478 0.986304
-81.231671 98.953323
80.991916 26.568101
-86.755146 83.060496
-14.959372 -5.544793
-99.963298 -60.354801
-43.314061 37.486770
-20.921988 15.307813
88.289835 22.527233
-76.471357 98.708814
-37.083525 24.715185
-48.566933 57.828304
-80.472010 13.740698
-40.310947 45.263837
-4.490593 -28.711266
88.893412 98.079954
-45.398108 -23.600813
80.286844 -0.968862
-15.923656 6.559781
-67.899850 -22.246582
88.182714 39.600605
15.959007 -94.643084
55.591385 46.805349
-79.912487 57.051093
-29.407321 -76.762448
21.579478 18.045694
22.845667 35.853001
81.271510 32.173001
10.560423 -8.339110
-38.716528 84.588528
66.461656 -71.205386
-42.208755 74.878745
16.427569 -3.761366
86.871912 -99.323132
11.809090 14.459672
76.974185 94.582787
78.238374 -71.122769
-68.759899 1.506997
-10.362931 33.765977
-57.659081 -92.085748
-49.956282 73.660965
51.957068 -78.102224
-21.948971 -38.808317
62.950004 -37.400000
97.116420 33.010833
-39.036569 -0.411841
58.041493 -18.770911
15.264613 -97.553769
-56.398740 -85.969513
-58.568406 75.710667
-47.786948 11.512811
89.427094 79.793204
-9.897576 -78.217610
-74.200521 80.534521
-7.627568 15.414662
-39.462799 -71.870117
59.146552 15.515182
-94.919732 60.959481
17.512248 -47.568046
-10.287536 52.257372
32.777834 55.820428
-16.476196 -15.447192
84.461950 -30.881758
-69.346697 91.907904
51.998910 24.781689
-14.592446 -93.908396
89.721700 -30.682953
-37.995508 -36.100291
-64.648687 79.257106
-47.650964 -44.149270
64.076362 -68.199009
75.482815 -90.392752
25.856057 -17.225319
-54.745785 66.734535
-78.886248 30.908621
54.123729 99.924665
-51.391578 29.463216
-1.757659 75.430532
-86.709183 97.939273
62.132279 -79.301443
89.742757 45.419702
35.226163 -23.010487
54.218174 -6.040827
-43.859769 62.823172
-13.709152 -14.143034
24.578797 32.450530
-74.078804 88.984045
24.085385 85.373945
-21.473592 -99.702971
21.399312 0.074863
17.125952 69.076814
-98.392304 16.864566
9.483043 21.814170
-61.426791 -93.426788
69.244698 -2.567005
62.349531 -24.488815
20.082052 58.233494
-30.888583 -78.444756
61.042252 88.793270
-32.133924 -36.521416
92.850950 -45.459450
-36.848960 8.819791
24.463977 -19.826899
0.179063 -68.442838
91.482768 -10.147101
-1.527742 58.798868
-45.053270 -31.446485
87.642335 -78.040368
-7.373919 53.382009
-55.117753 -46.420086
57.573186 -67.805134
89.784316 2.862769
50.068222 9.000246
-74.044966 25.545154
-20.204644 -9.402762
94.624596 71.014498
-71.579913 -7.720464
10.514154 50.912422
-74.969178 34.107954
-38.590657 45.687269
-34.154161 -13.488687
5.299556 -12.869505
92.042191 7.277935
49.754899 17.170011
73.666352 40.252616
-13.462863 9.520459
75.695509 -75.009583
-56.413496 18.355585
-88.670840 76.754296
-59.497886 38.650046
18.603121 -49.573056
-79.768738 3.033173
86.463276 44.632741
-41.366854 13.120602
2.331840 -56.239781
-69.461127 29.250122
23.419949 -10.527616
-1.333134 -95.387912
21.684090 -9.531314
-51.689171 -9.212141
23.505377 -36.496768
-35.321195 72.971352
-59.483504 -24.096477
94.544596 49.327648
68.092366 0.540683
91.825374 70.318107
-29.340363 94.874616
-54.952951 4.207628
83.593316 70.435504
-16.922372 -85.281459
-21.990615 39.175802
-17.302817 97.000876
-56.308478 65.465978
82.536965 95.996050
-8.957747 -23.060273
-62.483824 -10.557229
-35.433917 -85.129813
36.212185 6.508180
75.894911 16.484708
-71.702946 -18.854398
54.524344 61.365407
-73.089907 -30.866019
-2.956269 14.576980
37.103954 44.053382
78.812453 49.515132
-43.171541 -2.791839
38.958345 39.573016
-89.840826 69.705433
34.468833 33.869350
-36.539732 -18.860868
-76.491246 18.330075
-34.948007 -74.475687
52.624082 -73.653167
59.166132 46.165201
-26.437262 -84.373001
-6.297761 -90.418346
51.831814 -94.750954
29.422123 72.956666
-29.670970 -60.408115
-51.091020 79.562103
95.723342 -50.460563
-3.984492 -1.301579
-27.737148 -62.811674
79.219141 9.511550
13.972697 -94.702016
-9.670516 53.729345
-68.471683 27.233835
5.764383 91.054685
-43.054619 -44.673134
54.144496 42.907571
-80.965042 66.329677
30.969588 -96.004860
9.443876 -23.299759
95.467332 -92.364479
98.958483 15.160240
-12.332409 46.648420
92.025940 -98.699646
18.946086 -78.863610
6.265374 37.605099
97.924884 76.631251
34.063311 92.326485
-29.719357 -66.483605
14.421510 81.099015
-40.486704 29.244776
-54.823467 39.357298
95.306164 80.556371
-69.785738 -68.910948
65.005803 -33.240162
53.331411 91.314255
-4.978804 26.841639
75.569929 -90.294480
-30.591861 73.177785
-2.237906 -81.910190
-37.132604 -84.993950
-23.997041 -14.159733
-89.008950 87.881347
-13.456284 99.347077
-31.871328 89.141749
64.393544 86.260296
51.783577 -85.919115
-2.723095 -58.274053
-89.187959 45.024696
-21.613705 36.228127
92.000975 76.386890
56.474435 69.905453
-57.756328 -15.634682
-98.093774 6.618296
-55.079833 63.547251
97.440536 -62.935132
-29.560942 -24.114268
67.515418 -0.308086
6.035148 14.937028
29.910801 -96.289578
82.839674 -31.882461
0.178360 8.011670
-3.921133 99.854657
66.981162 -10.774457
-25.200128 -36.876515
76.489773 93.556280
-48.187518 79.867066
-9.566094 -42.951889
-90.171355 81.555044
15.649251 -83.933031
97.805629 -18.096788
-81.262979 77.901801
-49.174455 68.956170
51.790307 89.424238
-35.086777 -32.048368
13.879798 12.290968
-0.433073 11.658179
56.006158 39.912438
26.584885 -15.284986
60.684668 -26.706563
60.472959 -53.427624
-14.747810 38.094711
-34.954998 17.104242
-35.206940 -33.686352
64.199889 -66.766371
-89.592379 33.706636
-7.237617 -85.137027
88.826347 -2.879155
-19.869830 -14.445197
89.051066 27.921687
18.909983 62.154868
-76.957396 -99.961895
87.648112 -91.133074
-31.659231 98.386522
32.332560 -22.019499
-96.349724 15.640470
-3.114896 39.545804
-84.189261 -92.721269
99.377501 -61.496925
-38.756804 63.709012
-58.250404 0.241933
48.140506 25.689683
-78.285487 32.139205
60.052007 -25.770682
64.451576 69.735144
18.037108 48.928243
62.483401 -83.839607
7.858223 52.580096
73.654973 86.983085
-57.547660 91.609683
25.370249 -88.938899
55.630509 65.789388
7.333381 8.247390
-11.428072 24.210416
67.418214 -51.809465
-85.788439 6.634103
93.545182 -38.246963
-28.782157 -96.206236
2.282659 -71.871646
23.484820 37.969336
-58.716240 91.830443
41.531659 80.800776
18.877230 -25.060855
-56.746625 74.004288
39.240498 93.158623
-47.938635 27.454903
-63.455595 -95.594831
-26.423492 -87.643920
-77.231129 74.573029
92.656831 92.110405
54.032840 -55.991082
54.161308 -91.542496
-39.103713 -54.351146
-53.906320 48.209053
-81.471056 44.216300
-15.620666 -29.584977
41.699960 67.042228
93.322043 70.177426
2.347918 9.539888
43.898908 71.271743
-70.304450 34.046888
-84.491784 46.434764
3.500942 -41.552971
-63.524748 -92.611476
37.484602 -90.292650
33.838104 18.900612
28.605194 88.324531
-18.308171 40.078361
0.188701 35.759200
-81.302920 -45.967458
32.216942 -39.117905
35.940496 -83.618592
-74.117048 -22.099939
-38.607465 -43.040569
90.979819 -22.391028
-80.853638 -37.145740
-59.949715 74.115740
6.931571 -16.798667
-87.195500 69.824289
-91.127095 -62.981141
51.758414 -56.996333
-21.687295 18.944269
-66.355138 54.982987
-26.608962 -8.816018
-59.768595 46.224598
42.421846 9.053808
-77.231790 -33.236796
-70.042769 81.807887
83.671143 -21.629439
-4.705239 79.242622
-70.027457 66.449154
-37.854906 53.829733
84.341017 -15.934390
-39.420480 52.340969
39.136832 67.991016
-28.013123 29.445435
-53.165990 69.790446
0.308665 -89.374309
-70.862555 -56.140871
0.409269 42.722446
-59.057085 -56.033914
53.868494 46.166383
3.721066 -10.317715
-54.332869 0.277929
17.567595 17.479530
52.262686 70.335746
-97.087864 67.301589
26.774177 21.235202
46.083651 -10.993135
-65.935047 11.184400
26.686738 59.604952
-97.161442 -79.106519
32.650285 -49.395304
-67.045940 -20.053049
-4.002412 -62.317438
20.707611 -50.653871
-42.285062 70.920922
-92.251383 2.381420
43.133392 52.777094
87.907220 31.081055
31.332805 -10.261451
-10.020838 -11.609901
30.955462 -89.886875
-28.714399 -93.994531
49.604624 43.639761
1.183752 94.785531
39.681462 93.210391
1.942557 -2.931489
38.003423 98.417688
-57.805407 43.821128
73.816180 -39.843707
-95.798536 -75.329404
99.603329 65.509252
32.642241 -15.750561
-90.010472 -27.539904
22.366828 51.852097
-5.402796 11.164805
66.574318 -37.680568
54.373413 82.492293
25.350730 -38.352969
57.216380 66.541670
52.821335 -75.833456
70.742869 92.338590
26.450170 27.659838
24.814129 -98.916381
-24.687442 -65.100586
62.687807 -1.507837
-93.821310 -52.391977
3.006828 -35.876661
-70.508235 -22.672940
65.855495 68.063201
-28.513104 30.294530
76.041125 -29.038341
-83.754031 -18.657669
-76.087413 -62.060815
9.991882 96.891288
-25.262085 -48.936855
-36.076842 24.949282
-1.059518 -91.523731
-37.412787 -87.569472
15.351323 -9.666630
79.650308 16.769798
65.764081 -63.821039
47.418774 -83.271056
-14.146543 81.998513
-30.105998 36.271790
-50.339454 86.663112
-12.958761 -58.017109
-70.653557 -79.659043
49.220147 35.452121
5.169672 56.108112
-73.690871 -10.705748
-15.386209 68.340399
6.116739 -57.090550
-80.265158 23.111921
94.032099 84.289234
-33.227934 63.496434
-97.627314 73.446008
98.074768 -54.620781
-66.820637 69.084071
-87.533522 58.029966
90.539538 -46.767364
-52.261831 -15.181944
-40.070255 15.545661
45.090060 0.226080
-34.240816 69.468888
-6.964229 -41.453683
83.910069 54.285234
-11.949167 -78.276086
-60.225663 -86.559679
83.146085 -20.620948
-13.830470 -5.949914
-57.142732 -94.646637
-90.305299 -90.945685
-59.558476 74.506985
-90.290241 22.289422
8.967532 -66.199583
28.963959 -26.555008
-19.571554 -99.852644
-5.092694 -17.130067
13.054787 -48.811921
45.260259 76.557307
66.075939 1.151604
41.146095 -73.872685
-42.777846 13.058185
-57.536218 90.608106
-63.476567 33.702124
-90.291751 -19.424790
-25.614387 -71.550313
-99.726136 77.781802
-8.886599 -25.938070
-61.604707 97.264446
-74.471965 82.372976
-39.752868 10.079282
-17.674485 3.548689
-13.506474 -57.199759
34.898530 -67.976692
41.725834 20.756783
89.386535 -61.753492
-37.248933 -12.772224
74.815899 16.962899
-70.807932 59.340322
40.250439 -22.280591
33.287130 -33.524226
10.975537 -35.048961
37.584815 -18.848598
54.821448 64.121601
4.072324 22.305151
-63.787920 -37.320725
-10.804900 -92.361894
10.305664 50.029889
-72.515713 -43.084996
70.116186 33.230820
-49.213433 -71.742556
-13.327129 -51.088312
49.458871 63.082740
21.273322 -96.876031
-45.499639 5.792136
55.556954 93.071487
46.859806 9.690692
11.787345 30.220306
82.631221 19.273833
-68.539485 -80.659875
67.067955 31.561968
-73.272377 56.699756
19.479174 69.003909
-72.283329 45.962657
-95.018397 -2.961425
50.127986 -12.778583
42.417570 84.634181
-32.095151 -75.032005
-32.653839 79.985689
-96.740004 -45.913237
41.528506 -56.990047
-22.992507 -47.361940
-33.646779 16.259905
85.350553 -55.627631
-4.497360 -80.325206
-80.661000 67.382429
-84.245302 -73.868955
-74.260370 -24.790549
81.389538 -91.581018
46.310079 97.251528
-28.843365 30.167154
93.548305 4.020719
-79.764424 -82.462928
44.012463 2.408456
72.971367 -35.063283
74.263313 44.554403
19.557741 -20.175116
32.929656 10.092253
87.988571 -0.522964
-7.563868 -56.594640
76.642736 -50.514999
-98.988269 97.097351
86.820128 97.771673
42.111027 -84.697268
1.202745 83.548811
82.994367 80.711473
-42.493986 -84.926483
-58.068583 -21.992233
-64.391622 -56.590821
-85.938670 2.907715
-70.170292 99.763499
-40.028351 51.108187
-30.655433 -33.915711
-66.728702 79.126541
-57.881118 -28.029544
-62.517924 -98.802339
-36.318225 26.974440
-2.942932 66.842393
81.290854 -18.114160
-64.148219 -37.251504
34.636602 46.292164
39.305668 -54.947340
57.693611 -67.668228
20.440949 82.519467
-51.051934 67.086524
42.838549 20.100953
-22.902514 65.976445
19.432460 99.246365
-89.499524 -35.251422
-52.965211 -42.442472
-67.380059 -54.497981
11.889718 9.111632
80.759188 54.059913
-0.831765 40.822289
-70.318737 69.634949
-46.953016 49.886130
43.728871 -78.872644
15.979824 -41.139464
-5.768561 -66.919622
-93.441770 46.141506
24.837746 54.629522
-99.961085 -93.233495
47.682736 51.201609
-67.671530 54.250441
41.233247 8.412757
96.905129 -29.654794
84.321432 71.329894
42.005468 -89.238883
-42.697908 -12.344990
75.822092 41.202908
6.095141 -93.873843
33.308619 2.411179
33.600173 79.445854
-46.273185 65.639564
78.175789 -72.709471
3.965100 52.944259
-13.205108 -6.264383
26.144605 86.829693
4.595918 -57.103987
-27.454767 -43.396646
25.041008 54.139329
5.886030 -67.768514
-82.931272 36.070768
-33.592162 -63.799037
59.509638 86.369172
-95.975701 -46.569300
23.795974 -73.880526
61.449684 -64.692041
-97.026701 81.417221
-75.252716 55.956374
-26.439132 73.227087
89.615002 9.485183
73.153910 94.372567
-32.342878 9.474817
75.553411 75.601097
-87.062275 -46.328258
-69.331138 95.318832
1.369497 61.948186
-74.678861 88.473822
-67.165101 60.958932
16.495553 -90.524634
14.965784 -85.783372
-97.516958 -80.231886
-44.629747 -21.563055
79.141325 -67.159376
1.914311 39.148387
-90.159097 -58.034735
-71.014529 -62.024206
-19.027395 -96.853828
93.343944 0.831188
-79.787384 -15.731243
46.315397 98.094414
49.721838 28.509542
-94.720507 16.043661
0.115940 44.705181
20.729218 36.645647
21.621911 -41.194913
-7.289573 -75.115576
0.260294 -14.908456
38.664461 -98.779370
72.687087 42.265370
3.470877 11.834032
-12.330758 40.640091
46.973029 -96.861548
-1.163060 -59.883741
-15.567946 38.891976
86.171318 -34.975876
-62.494082 41.050277
24.576217 6.302119
43.357855 86.154850
43.029178 -32.118648
-5.796942 17.242784
42.587473 68.549351
-58.040768 61.768581
-81.119684 -44.828513
-93.392199 -37.334558
-37.971905 4.633178
-86.639685 0.152021
4.976922 44.327660
-74.773824 -95.757356
-19.321127 -70.929410
74.234567 96.402242
45.643762 -60.863367
-28.694872 -9.527219
95.301626 96.092504
10.998896 -72.693810
-84.799204 1.095382
-56.239328 76.355707
-5.226420 14.471746
26.699144 -4.134183
-11.114227 -70.090219
86.025803 -43.721089
-74.880587 -52.013443
62.677307 45.281198
-92.664581 5.855453
66.790678 -15.872000
-39.727505 -46.470209
-81.315437 -39.298459
68.836230 70.881710
54.559148 -22.411661
48.556547 -55.176312
-11.115905 62.391188
63.251821 -59.540747
-61.600339 81.618450
62.153420 -58.040267
-87.829275 29.553382
62.696455 77.348936
33.928391 -21.269063
32.522849 -29.648733
31.809652 62.238931
23.060780 -93.083902
-76.678639 -27.803895
45.424927 16.337811
90.966370 98.992735
-13.838010 -39.987177
16.662244 45.802278
-73.392120 -40.877940
-40.227447 83.831180
45.153761 -74.579548
-23.127468 -0.650835
-43.251882 -58.775633
-39.541081 -22.419202
-64.405174 -31.715638
93.273415 -76.578238
72.444420 55.174400
60.280639 6.361078
-69.622887 53.019401
84.449808 -75.136322
60.599637 3.522829
-73.774602 -85.276880
-23.117475 69.783504
82.680049 -10.450327
-8.090594 59.354786
-97.434149 39.953229
-46.642883 -75.048794
92.922236 -95.054890
-15.083312 -46.201333
35.945121 -48.714128
88.609481 55.524931
4.744068 67.721461
35.639895 -55.832599
33.193983 0.020169
30.786762 -85.115837
24.949645 50.239368
75.823770 -46.239479
-26.916865 -92.408944
-71.344730 -45.804264
7.873521 91.235625
45.286558 -70.177704
-95.043610 -57.519933
-27.530415 35.757078
-19.973977 -64.340572
23.190536 -76.223208
-52.151501 16.301919
-7.986178 68.097004
-35.389814 90.853150
-13.664595 10.090888
42.029805 67.632334
72.967339 -6.728348
-28.021959 -49.240549
-96.891633 -48.974252
26.558639 42.668242
28.595357 -91.978541
94.314050 -51.023473
76.905412 58.104235
49.967053 23.203036
-5.347034 -96.617475
18.085418 74.328689
-21.540311 -23.588943
-8.066997 79.196501
89.406779 -71.765890
-69.051996 17.330447
38.003840 90.099579
-15.197503 -91.540989
-9.965158 -41.354104
55.028474 91.523978
2.601867 -18.867001
-28.035394 -99.303292
89.629683 48.483868
23.240419 49.930589
-70.545839 -71.415669
-1.126834 14.277463
36.514422 70.924159
-61.326086 57.805037
-61.389826 -88.268678
-81.908548 60.260669
-70.777100 -9.503447
28.890844 27.161876
36.606395 41.360924
43.115188 -58.579371
18.686749 -85.772007
51.287351 33.409291
89.546831 74.750347
98.403871 -59.009244
-59.400638 -67.255082
-88.095159 -78.944509
58.849258 12.823497
97.068766 2.965421
32.359315 -27.376382
-5.383163 -69.419977
40.612017 -58.435945
13.129035 64.381862
49.359946 -58.354810
-84.547974 99.907756
-77.916720 -31.927534
-56.420480 -85.797840
92.883948 74.257414
-59.493681 29.594670
98.664662 -54.820093
83.793292 -78.103326
-24.882380 -9.188955
-83.942501 29.332258
-64.687487 -72.365935
18.178456 33.302499
-29.460650 20.943846
-69.073226 -75.119933
63.644989 94.491283
92.050603 -92.026978
-66.663829 -13.359442
37.525170 -62.971953
-7.012399 -73.051352
15.564174 80.862841
54.420447 -45.946891
-19.319636 74.702296
97.756854 67.016793
-70.553845 -39.512433
50.753998 -31.919108
-32.153604 39.769239
-94.010877 -17.310171
-95.146525 -42.345820
-4.967123 -6.198351
